algorithm: heft
wf_path: workflows/SyntheticWorkflows/part_test_300
wf_number: 5
arrival_rate: 0.0016666666666666668
random_seed: 50
task_order: critical_path
total_run_time: 0:01:29.112296
mean_makespan: 5579.226270
mean_cost: 236.136068
deadline_success_rate: 0.061201
budget_success_rate: 0.358475
both_success_rate: 0.840000
