algorithm: heft
wf_path: workflows/SyntheticWorkflows/part_test_100
wf_number: 2
arrival_rate: 0.0016666666666666668
random_seed: 50
task_order: critical_path
total_run_time: 0:00:01.535379
mean_makespan: 4784.849641
mean_cost: 81.600280
deadline_success_rate: 0.068599
budget_success_rate: 0.523694
both_success_rate: 0.750000
